Alloc ating 0 MB GPU Cache and 12000 MB GPU Processing Region
239998148
239998725
239998820
239999395
239998471
239999237
239999110
239998341
239998598
239999718
239995943
239998241
239998503
239999266
239998884
239996903
239999810
239999046
239998880
240000000
239999205
239999846
239999526
239997504
239999522
239999335
239999908
239996420
239999463
239999840
239999492
239999910
239999746
239998439
239997376
239999685
239995971
239997732
239998823
239999814
239999873
239999654
239999554
239999457
239998080
239999620
239998785
239998945
239999682
239999362
239999495
239999623
239997413
239999971
239999975
239999365
239999399
239999778
239999878
239998851
239999011
239999844
239999940
239999488
239999974
239999040
239999936
239998464
239998050
239999907
239998883
239998885
239999333
239999876
239998151
239999494
239999875
239999938
239996547
239998630
239999233
239997795
239999813
239999009
239999459
239999265
239999425
239999776
239997284
239999942
239999396
239999585
239998976
239999617
239997445
239999520
239999783
239999680
239999300
239998082
239998273
239999175
239999298
239999879
239999267
239999748
239999174
239999301
239999808
239998919
239999874
239999015
239999747
239999970
239999043
239999367
239998596
239999584
239999842
239999458
239999591
239998375
239999523
239999712
239999397
239999653
239998787
239999201
239996165
239997056
239999207
239999299
239999330
239999847
239999552
239999943
239998852
239999616
239999073
239998212
239998055
239999557
239999972
239998631
239997509
239999911
239996101
239998759
239999556
239998786
239998116
239998501
239999969
239996934
239999424
239996836
239999553
239998400
239999906
239998407
239999239
239999941
239999909
239999364
239999493
239998562
239999714
239998530
239999555
239999715
239999687
239998915
239998049
239999489
239996357
239999648
239999719
239999781
239998338
239999558
239997126
239998209
239999939
239999010
239998112
239999872
239998215
239997250
239999717
239998118
239999877
239998498
239999618
239999749
239999303
239999334
239999750
239998663
239998917
239999588
239999904
239999968
239999264
239999235
239998048
239997604
239998208
239999076
239999686
239999845
239996032
239999456
239999398
239999650
239999905
239996997
239998629
239999973
239999777
239999331
239999140
239999683
239999173
239997121
239999652
239999008
239999937
239998918
239997860
 the seg index is 229 80000
80000
80000
80000
80000
80000
80000
80000
80000
80000
80000
80000
80000
80000
80000
80000
80000
80000
80000
80000
80000
80000
80000
80000
80000
80000
80000
80000
80000
80000
80000
80000
80000
80000
80000
80000
80000
80000
80000
80000
80000
80000
80000
80000
80000
80000
80000
80000
80000
80000
80000
80000
80000
80000
80000
80000
80000
80000
80000
80000
80000
80000
80000
80000
80000
80000
80000
80000
80000
80000
80000
80000
80000
80000
80000
80000
80000
80000
80000
80000
80000
80000
80000
80000
80000
80000
80000
80000
80000
80000
80000
80000
80000
80000
80000
80000
80000
80000
80000
80000
80000
80000
80000
80000
80000
80000
80000
80000
80000
80000
80000
80000
80000
80000
80000
80000
80000
80000
80000
80000
80000
80000
80000
80000
80000
80000
80000
80000
80000
80000
80000
80000
80000
80000
80000
80000
80000
80000
80000
80000
80000
80000
80000
80000
80000
80000
80000
80000
80000
80000
80000
80000
80000
80000
80000
80000
80000
80000
80000
80000
80000
80000
80000
80000
80000
80000
80000
80000
80000
80000
80000
80000
80000
80000
80000
80000
80000
80000
80000
80000
80000
80000
80000
80000
80000
80000
80000
80000
80000
80000
80000
80000
80000
80000
80000
80000
80000
80000
80000
80000
80000
80000
80000
80000
80000
80000
80000
80000
80000
80000
80000
80000
80000
80000
80000
80000
80000
80000
80000
80000
80000
80000
80000
80000
80000
80000
80000
80000
80000
 the seg index is 229 1199999
1199999
1199992
1199999
1199995
1199999
1199999
1199998
1199992
1199974
1199998
1199999
1199992
1199986
1199999
1199999
1199999
1199998
1199996
1199998
1199999
1199992
1199995
1199990
1199998
1199992
1199999
1199999
1199993
1199995
1199992
1199989
1199995
1199999
1199999
1199981
1199990
1199995
1199998
1199992
1199996
1199993
1199990
1199999
1199999
1199998
1199999
1199999
1199983
1199998
1199999
1199984
1199998
1199999
1199996
1199999
1199995
1199999
1199998
1199996
1199999
1199987
1199999
1199992
1199999
1199998
1199999
1199996
1199998
1199998
1199986
1199999
1199999
1199995
1199999
1199996
1199993
1199999
1199993
1199999
1199996
1199981
1199999
1199992
1199999
1199999
1199999
1199999
1199999
1199999
1199989
1199995
1199998
1199998
1199998
1199999
1199990
1199999
1199998
1199992
1199989
1199996
1199995
1199992
1199995
1199995
1199986
1199992
1199998
1199998
1199998
1199999
1199999
1199990
1199995
1199999
1199998
1199977
1199987
1199995
1199995
1199999
1199999
1199998
1199999
1199998
1199992
1199990
1199995
1199998
1199999
1199995
1199992
1199999
1199999
1199998
1199995
1199998
1199992
1199993
1199998
1199999
1199999
1199992
1199998
1199998
1199998
1199999
1199984
1199992
1199998
1199999
1199995
1199995
1199995
1199989
1199999
1199999
1199996
1199999
1199998
1199999
1199999
1199999
1199998
1199996
1199999
1199998
1199998
1199995
1199998
1199999
1199999
1199986
1199999
1199998
1199998
1199995
1199996
1199999
1199999
1199989
1199999
1199995
1199999
1199999
1199999
1199998
1199989
1199995
1199993
1199995
1199993
1199992
1199999
1199998
1199995
1199999
1199999
1199999
1199995
1199995
1199999
1199999
1199995
1199998
1199992
1199999
1199998
1199999
1199999
1199999
1199999
1199999
1199993
1199998
1199999
1199999
1199999
1199998
1199993
1199993
1199995
1199999
1199990
1199999
1199998
1199995
1199996
 the seg index is 229 799999
799999
799999
799998
800000
800000
800000
800000
800000
800000
800000
799999
800000
800000
800000
799997
800000
799999
800000
800000
800000
800000
800000
800000
800000
800000
800000
800000
799999
800000
800000
799999
800000
799999
800000
800000
800000
800000
800000
800000
800000
800000
800000
800000
800000
800000
799999
800000
799999
800000
800000
800000
799999
800000
800000
799999
800000
800000
800000
800000
800000
800000
800000
799999
800000
799999
800000
799999
800000
800000
800000
799999
800000
800000
800000
800000
800000
800000
800000
800000
800000
800000
800000
799999
800000
800000
800000
800000
800000
800000
800000
800000
800000
800000
800000
799999
799998
800000
800000
800000
800000
800000
800000
800000
799999
800000
800000
800000
800000
799997
800000
800000
800000
800000
799999
800000
799999
800000
800000
799999
799999
800000
800000
800000
799998
800000
800000
800000
799998
799999
799999
799998
799999
800000
800000
800000
800000
800000
800000
799999
799999
800000
800000
800000
800000
800000
800000
799999
799999
800000
800000
800000
799999
800000
799998
800000
800000
799999
800000
799998
799999
799999
800000
800000
800000
800000
800000
800000
800000
800000
800000
799998
799995
799997
800000
800000
800000
800000
800000
799999
800000
800000
800000
799998
799999
800000
800000
800000
800000
800000
800000
800000
800000
800000
799999
800000
800000
800000
800000
800000
800000
800000
800000
800000
799999
799999
799999
799999
799999
799998
800000
800000
800000
799994
800000
800000
800000
799999
800000
800000
799999
800000
800000
800000
800000
800000
799999
800000
800000
 the seg index is 229 19920111
19920122
19920201
19920212
19920222
19920304
19920314
19920325
19920404
19920415
19920425
19920506
19920516
19920527
19920606
19920617
19920627
19920708
19920718
19920729
19920808
19920819
19920829
19920909
19920919
19920930
19921010
19921021
19921031
19921111
19921122
19921202
19921213
19921223
19930103
19930113
19930124
19930203
19930214
19930224
19930306
19930317
19930328
19930407
19930418
19930428
19930509
19930519
19930530
19930609
19930620
19930630
19930711
19930721
19930801
19930811
19930822
19930901
19930912
19930922
19931003
19931013
19931024
19931103
19931114
19931124
19931205
19931215
19931226
19940106
19940116
19940127
19940206
19940217
19940227
19940310
19940320
19940331
19940410
19940421
19940501
19940512
19940522
19940602
19940612
19940623
19940703
19940714
19940724
19940804
19940814
19940825
19940904
19940915
19940925
19941006
19941016
19941027
19941106
19941117
19941127
19941208
19941218
19941229
19950108
19950119
19950129
19950209
19950219
19950302
19950312
19950323
19950402
19950413
19950423
19950504
19950514
19950525
19950604
19950615
19950625
19950706
19950717
19950727
19950807
19950817
19950827
19950907
19950918
19950928
19951009
19951019
19951030
19951109
19951120
19951130
19951211
19951221
19960101
19960111
19960122
19960201
19960212
19960222
19960304
19960314
19960325
19960404
19960415
19960425
19960506
19960516
19960527
19960606
19960617
19960628
19960708
19960719
19960729
19960809
19960819
19960830
19960909
19960920
19960930
19961011
19961021
19961101
19961111
19961122
19961202
19961213
19961223
19970103
19970113
19970124
19970203
19970214
19970224
19970307
19970317
19970328
19970407
19970418
19970428
19970509
19970519
19970530
19970609
19970620
19970630
19970711
19970721
19970801
19970811
19970822
19970901
19970912
19970922
19971003
19971013
19971024
19971103
19971114
19971124
19971205
19971215
19971226
19980105
19980116
19980126
19980206
19980217
19980227
19980310
19980320
19980331
19980410
19980421
19980501
19980512
19980522
19980602
19980612
19980623
19980703
19980714
19980724
19980802
 the seg index is 229 10419800
10429900
10444850
10484850
10404900
10434800
10394800
10434900
10414900
10444950
10464800
10444850
10459800
10369750
10439800
10434850
10449850
10494850
10444850
10380051
10439900
10399900
10469850
10419850
10444900
10424950
10459900
10409750
10424900
10434950
10429900
10404800
10419800
10334800
10444950
10429800
10479950
10419950
10384950
10429900
10479900
10439950
10434750
10484800
10464850
10449900
10464900
10399850
10424800
10399900
10489800
10474800
10474800
10484850
10414900
10464850
10409950
10449950
10419900
10454900
10449950
10414900
10439900
10484800
10379850
10314800
10359950
10414850
10424750
10464800
10439900
10429800
10434950
10454850
10449800
10444900
10419850
10459850
10464900
10409800
10469850
10424850
10449850
10474800
10364800
10454800
10474950
10449800
10424800
10429800
10439850
10404900
10464900
10444950
10474850
10479850
10489850
10399850
10419850
10449900
10384951
10404900
10394950
10464800
10429800
10459800
10434900
10434800
10429900
10479900
10449950
10474950
10414850
10469850
10414900
10409900
10449950
10489950
10464950
10374850
10454950
10449950
10459850
10429850
10464900
10449850
10479800
10444950
10479850
10439900
10469900
10449800
10384850
10374950
10479950
10474900
10404900
10439800
10429950
10474900
10454800
10459850
10444900
10469800
10489800
10469850
10484800
10494950
10449800
10459900
10459850
10444900
10424750
10394800
10439850
10439850
10399800
10454900
10479850
10469900
10479850
10350400
10360300
10474850
10439800
10419850
10369750
10474800
10424750
10464950
10459850
10424950
10414800
10454900
10424800
10419750
10379850
10469850
10474950
10474800
10399900
10469900
10414900
10394850
10439750
10419950
10484800
10464850
10364900
10444950
10434850
10464900
10469950
10349850
10334800
10434900
10389800
10404900
10439750
10409900
10389750
10454800
10454950
10424800
10424950
10449950
10384900
10429900
10389951
10414900
10404800
10414800
10459800
10429800
10469850
10459800
10409750
10444900
10444800
10469950
10344850
10489950
10469900
10434800
10379750
10459950
10479900
10429900
10474900
 the seg index is 229 10
10
10
10
10
10
10
10
10
10
10
10
10
10
10
10
10
10
10
10
10
10
10
10
10
10
10
10
10
10
10
10
10
10
10
10
10
10
10
10
10
10
10
10
10
10
10
10
10
10
10
10
10
10
10
10
10
10
10
10
10
10
10
10
10
10
10
10
10
10
10
10
10
10
10
10
10
10
10
10
10
10
10
10
10
10
10
10
10
10
10
10
10
10
10
10
10
10
10
10
10
10
10
10
10
10
10
10
10
10
10
10
10
10
10
10
10
10
10
10
10
10
10
10
10
10
10
10
10
10
10
10
10
10
10
10
10
10
10
10
10
10
10
10
10
10
10
10
10
10
10
10
10
10
10
10
10
10
10
10
10
10
10
10
10
10
10
10
10
10
10
10
10
10
10
10
10
10
10
10
10
10
10
10
10
10
10
10
10
10
10
10
10
10
10
10
10
10
10
10
10
10
10
10
10
10
10
10
10
10
10
10
10
10
10
10
10
10
10
10
10
10
10
10
10
10
10
10
10
 the seg index is 229 50
50
50
50
50
50
50
50
50
50
50
50
50
50
50
50
50
50
50
50
50
50
50
50
50
50
50
50
50
50
50
50
50
50
50
50
50
50
50
50
50
50
50
50
50
50
50
50
50
50
50
50
50
50
50
50
50
50
50
50
50
50
50
50
50
50
50
50
50
50
50
50
50
50
50
50
50
50
50
50
50
50
50
50
50
50
50
50
50
50
50
50
50
50
50
50
50
50
50
50
50
50
50
50
50
50
50
50
50
50
50
50
50
50
50
50
50
50
50
50
50
50
50
50
50
50
50
50
50
50
50
50
50
50
50
50
50
50
50
50
50
50
50
50
50
50
50
50
50
50
50
50
50
50
50
50
50
50
50
50
50
50
50
50
50
50
50
50
50
50
50
50
50
50
50
50
50
50
50
50
50
50
50
50
50
50
50
50
50
50
50
50
50
50
50
50
50
50
50
50
50
50
50
50
50
50
50
50
50
50
50
50
50
50
50
50
50
50
50
50
50
50
50
50
50
50
50
50
50
 the seg index is 229 10489800
10474950
10479900
10484850
10454900
10484900
10479900
10464900
10489950
10489900
10469900
10464850
10489800
10479950
10489800
10474800
10479850
10494850
10469850
10489900
10474900
10469850
10469950
10484950
10484850
10479850
10484800
10474950
10484900
10479950
10484950
10479900
10479800
10484850
10474800
10469950
10484850
10464800
10464850
10484850
10479950
10469800
10484800
10484800
10484900
10474900
10474950
10484950
10469900
10479950
10489800
10484900
10479900
10484850
10474800
10489850
10489800
10484850
10474800
10494850
10474950
10469800
10474950
10484800
10479850
10469950
10464800
10489900
10474800
10474900
10494950
10474850
10474900
10479900
10469950
10494800
10484950
10479850
10489800
10479950
10469850
10479800
10479800
10484950
10489900
10489850
10474950
10479850
10444950
10489900
10494850
10489900
10469800
10494850
10484900
10484850
10489850
10484800
10474900
10469900
10489850
10464900
10474800
10489850
10479850
10484950
10459950
10474800
10479850
10479900
10484950
10474950
10469900
10479800
10489900
10484800
10489850
10489950
10479900
10484800
10469950
10479850
10459950
10484800
10464900
10489800
10489950
10489850
10484850
10464950
10474800
10489900
10484800
10464850
10489950
10474900
10469900
10494850
10469850
10474900
10489900
10489850
10479900
10479900
10489800
10469950
10484800
10494950
10484950
10479900
10494850
10494800
10469850
10494900
10464850
10474800
10474800
10484850
10479850
10484850
10479850
10474900
10464950
10489800
10489850
10464950
10469950
10474800
10494800
10479850
10489850
10474900
10494950
10494850
10479950
10484850
10489950
10484850
10494800
10484900
10484950
10474900
10474800
10484800
10474850
10484800
10489850
10479900
10459950
10489950
10469850
10489800
10469950
10459900
10489900
10474900
10474800
10484900
10459800
10489850
10474900
10484900
10479800
10474850
10479800
10479850
10474950
10474850
10494900
10469850
10474800
10494900
10494900
10474900
10469900
10469800
10494950
10479900
10469950
10489950
10484950
10489950
10484950
10484900
10484950
10469850
10479900
10469800
10474900
 the seg index is 229 125939
125939
125939
125939
125938
125939
125938
125939
125939
125939
125939
125939
125939
125939
125939
125938
125939
125938
125939
125937
125939
125938
125938
125939
125939
125939
125939
125939
125939
125938
125939
125939
125939
125938
125939
125939
125939
125938
125938
125938
125939
125939
125939
125937
125939
125938
125938
125939
125938
125939
125938
125939
125938
125938
125939
125939
125938
125939
125939
125939
125938
125939
125938
125939
125939
125939
125939
125939
125938
125939
125939
125939
125939
125939
125938
125939
125939
125939
125939
125939
125939
125939
125938
125938
125938
125939
125939
125937
125938
125937
125939
125938
125938
125938
125938
125939
125939
125939
125939
125939
125938
125939
125939
125939
125939
125939
125938
125938
125939
125938
125939
125938
125938
125938
125939
125939
125939
125939
125939
125939
125938
125939
125938
125938
125939
125939
125938
125938
125939
125939
125939
125939
125938
125939
125939
125939
125938
125938
125938
125939
125939
125939
125939
125939
125939
125939
125939
125939
125939
125939
125938
125939
125939
125939
125939
125939
125939
125939
125939
125939
125939
125938
125939
125939
125939
125939
125939
125939
125938
125939
125939
125939
125939
125939
125938
125939
125937
125939
125939
125938
125938
125938
125939
125939
125939
125939
125939
125938
125939
125939
125939
125938
125938
125938
125938
125938
125939
125938
125938
125939
125939
125938
125939
125939
125938
125938
125939
125939
125938
125939
125939
125938
125939
125939
125938
125939
125939
125938
125939
125938
125939
125939
125939
125939
125938
125938
125939
125938
125939
 the seg index is 229 1048576
1200000
 the seg index is 2 24
24
 the seg index is 2 4
4
 the seg index is 2 249
249
 the seg index is 2 80000
 the seg index is 1 24
 the seg index is 1 4
 the seg index is 1 249
 the seg index is 1 1048576
1200000
 the seg index is 2 999
999
 the seg index is 2 24
24
 the seg index is 2 4
4
 the seg index is 2 19981230
 the seg index is 1 1998
 the seg index is 1 199812
 the seg index is 1 
Select Options:
1. Run Specific Query
2. Run Random Queries
3. Run Experiment
4. Replacement
5. Dump Trace
6. Exit
cache. Cache Specific Column
clear. Delete Columns from GPU
custom. Toggle custom malloc
skipping. Toggle segment skipping
Your Input: 